255 255 255 255 255 255 255 255 255 255 255 255 255 255 255 255
255 251 223 223 235 223 251 235 235 251 223 235 223 223 251 255
255 223 189 183 235  35  63  37 151  86  58 235 183 189 223 255
255 223 183   0 255 159 104 255 135   0 223 255   0 183 223 255
255 235 235 255 255 151  12  96   0  12 235 255 255 235 235 255
255 227 169 171  32 255  60  12  96   0   0 255 151  63 223 255
255 255 232 171 116 227  32 235 151 195 195 171 235 223 223 255
255 223  25 100  36 223  84 159 135 139 223 159 219  80 235 255
255 243  20 195 159 151  12 219 135 235  12 195  60  72 255 255
255 223  35 116  96 255 255 235 139  28  56   0 171  55 255 255
255 223 195 171 151  60 255  96   0  28  56   0  32 215 255 255
255 235 235 255 255   0  84 120 255 151  12 255   0 139 223 255
255 223 183   0 255 171  32 159  36  32 116  36  60 104 243 255
255 223 189 183 235 187 187  88 228 232  44  80 174  89 250 255
255 251 223 223 235 227 227 243 243 255 227 235 243 232 255 255
255 255 255 255 255 255 255 255 255 255 255 255 255 255 255 255
255 255 255 255 255 255 255 255 255 255 255 255 255 255 255 255
255 251 223 223 235 223 251 235 235 251 223 235 223 223 251 255
255 223 189 183 235  35  63  37 151  86  58 235 183 189 223 255
255 223 183   0 255 159 104 255 135   0 223 255   0 183 223 255
255 235 235 255 255 151  12  96   0  12 235 255 255 235 235 255
255 227 169 171  32 255  60  12  96   0   0 255 151  63 223 255
255 255 232 171 116 227  32 235 151 195 195 171 235 223 223 255
255 223  25 100  36 223  84 159 135 139 223 159 219  80 235 255
255 243  20 195 159 151  12 219 135 235  12 195  60  72 255 255
255 223  35 116  96 255 255 235 139  28  56   0 171  55 255 255
255 223 195 171 151  60 255  96   0  28  56   0  32 215 255 255
255 235 235 255 255   0  84 120 255 151  12 255   0 139 223 255
255 223 183   0 255 171  32 159  36  32 116  36  60 104 243 255
255 223 189 183 235 187 187  88 228 232  44  80 174  89 250 255
255 251 223 223 235 227 227 243 243 255 227 235 243 232 255 255
255 255 255 255 255 255 255 255 255 255 255 255 255 255 255 255
255 255 255 255 255 255 255 255 255 255 255 255 255 255 255 255
255 251 223 223 235 223 251 235 235 251 223 235 223 223 251 255
255 223 189 183 235  35  63  37 151  86  58 235 183 189 223 255
255 223 183   0 255 159 104 255 135   0 223 255   0 183 223 255
255 235 235 255 255 151  12  96   0  12 235 255 255 235 235 255
255 227 169 171  32 255  60  12  96   0   0 255 151  63 223 255
255 255 232 171 116 227  32 235 151 195 195 171 235 223 223 255
255 223  25 100  36 223  84 159 135 139 223 159 219  80 235 255
255 243  20 195 159 151  12 219 135 235  12 195  60  72 255 255
255 223  35 116  96 255 255 235 139  28  56   0 171  55 255 255
255 223 195 171 151  60 255  96   0  28  56   0  32 215 255 255
255 235 235 255 255   0  84 120 255 151  12 255   0 139 223 255
255 223 183   0 255 171  32 159  36  32 116  36  60 104 243 255
255 223 189 183 235 187 187  88 228 232  44  80 174  89 250 255
255 251 223 223 235 227 227 243 243 255 227 235 243 232 255 255
255 255 255 255 255 255 255 255 255 255 255 255 255 255 255 255

255 255 255 255 255 255 255 255 255 255 255 255 255 255 255 255
255 251 223 223 235 223 223 235 255 255 255 223 243 250 255 255
255 223 189 183 235  63 223  80  72  55 215 139 104  89 232 255
255 223 183   0 255 151 235 219  60 171  32   0  60 174 243 255
255 235 235 255 255 255 171 159 195   0   0 255  36  80 235 255
255 223  58 223 235   0 195 223  12  56  56  12 116  44 227 255
255 251  86   0  12   0 195 139 235  28  28 151  32 232 255 255
255 235 151 135   0  96 151 135 135 139   0 255  36 228 243 255
255 235  37 255  96  12 235 159 219 235  96 120 159  88 243 255
255 251  63 104  12  60  32  84  12 255 255  84  32 187 227 255
255 223  35 159 151 255 227 223 151 255  60   0 171 187 227 255
255 235 235 255 255  32 116  36 159  96 151 255 255 235 235 255
255 223 183   0 255 171 171 100 195 116 171 255   0 183 223 255
255 223 189 183 235 169 232  25  20  35 195 235 183 189 223 255
255 251 223 223 235 227 255 223 243 223 223 235 223 223 251 255
255 255 255 255 255 255 255 255 255 255 255 255 255 255 255 255
255 255 255 255 255 255 255 255 255 255 255 255 255 255 255 255
255 251 223 223 235 223 223 235 255 255 255 223 243 250 255 255
255 223 189 183 235  63 223  80  72  55 215 139 104  89 232 255
255 223 183   0 255 151 235 219  60 171  32   0  60 174 243 255
255 235 235 255 255 255 171 159 195   0   0 255  36  80 235 255
255 223  58 223 235   0 195 223  12  56  56  12 116  44 227 255
255 251  86   0  12   0 195 139 235  28  28 151  32 232 255 255
255 235 151 135   0  96 151 135 135 139   0 255  36 228 243 255
255 235  37 255  96  12 235 159 219 235  96 120 159  88 243 255
255 251  63 104  12  60  32  84  12 255 255  84  32 187 227 255
255 223  35 159 151 255 227 223 151 255  60   0 171 187 227 255
255 235 235 255 255  32 116  36 159  96 151 255 255 235 235 255
255 223 183   0 255 171 171 100 195 116 171 255   0 183 223 255
255 223 189 183 235 169 232  25  20  35 195 235 183 189 223 255
255 251 223 223 235 227 255 223 243 223 223 235 223 223 251 255
255 255 255 255 255 255 255 255 255 255 255 255 255 255 255 255
255 255 255 255 255 255 255 255 255 255 255 255 255 255 255 255
255 251 223 223 235 223 223 235 255 255 255 223 243 250 255 255
255 223 189 183 235  63 223  80  72  55 215 139 104  89 232 255
255 223 183   0 255 151 235 219  60 171  32   0  60 174 243 255
255 235 235 255 255 255 171 159 195   0   0 255  36  80 235 255
255 223  58 223 235   0 195 223  12  56  56  12 116  44 227 255
255 251  86   0  12   0 195 139 235  28  28 151  32 232 255 255
255 235 151 135   0  96 151 135 135 139   0 255  36 228 243 255
255 235  37 255  96  12 235 159 219 235  96 120 159  88 243 255
255 251  63 104  12  60  32  84  12 255 255  84  32 187 227 255
255 223  35 159 151 255 227 223 151 255  60   0 171 187 227 255
255 235 235 255 255  32 116  36 159  96 151 255 255 235 235 255
255 223 183   0 255 171 171 100 195 116 171 255   0 183 223 255
255 223 189 183 235 169 232  25  20  35 195 235 183 189 223 255
255 251 223 223 235 227 255 223 243 223 223 235 223 223 251 255
255 255 255 255 255 255 255 255 255 255 255 255 255 255 255 255

255 255 255 255 255 255 255 255 255 255 255 255 255 255 255 255
255 251 221 229 212 199 239 235 223 216 208 207 199 197 244 255
255 221 127 181 125 130 244 171  58  96 122 158 136 161 218 255
255 223 103  55  79 115  96  90 169  64 155 162  59 130 219 255
255 209 124  43 217  20 126 219 121 158  17 155 170 160 229 255
255 255 134  40   4 101  56   0 107 199  89 106 174 175 219 255
255 245  53 127  80 125  65  87 179 172 247 113 113 101 223 255
255 231 107  82 132  28 225 100 152  63 125 132 177  44 240 255
255 215  56 189 122 171 165  96  99  91 181  66  92  67 220 255
255 210 185 238 136 191 204 167 213  93 228 162 145 231 244 255
255 191 138 180 170  22  58 115  54  76 250  58 148 124 224 255
255 210 161 167 164 162 106  76 123  96 106 149 165 153 227 255
255 199 137  62 171 197  68 108 189  81 172 163  57 129 219 255
255 198 168 134 161 108 105 169  92 118  95 153 132 154 218 255
255 240 208 209 220 205 244 220 220 242 201 216 209 208 246 255
255 255 255 255 255 255 255 255 255 255 255 255 255 255 255 255
255 255 255 255 255 255 255 255 255 255 255 255 255 255 255 255
255 251 221 229 212 199 239 235 223 216 208 207 199 197 244 255
255 221 127 181 125 130 244 171  58  96 122 158 136 161 218 255
255 223 103  55  79 115  96  90 169  64 155 162  59 130 219 255
255 209 124  43 217  20 126 219 121 158  17 155 170 160 229 255
255 255 134  40   4 101  56   0 107 199  89 106 174 175 219 255
255 245  53 127  80 125  65  87 179 172 247 113 113 101 223 255
255 231 107  82 132  28 225 100 152  63 125 132 177  44 240 255
255 215  56 189 122 171 165  96  99  91 181  66  92  67 220 255
255 210 185 238 136 191 204 167 213  93 228 162 145 231 244 255
255 191 138 180 170  22  58 115  54  76 250  58 148 124 224 255
255 210 161 167 164 162 106  76 123  96 106 149 165 153 227 255
255 199 137  62 171 197  68 108 189  81 172 163  57 129 219 255
255 198 168 134 161 108 105 169  92 118  95 153 132 154 218 255
255 240 208 209 220 205 244 220 220 242 201 216 209 208 246 255
255 255 255 255 255 255 255 255 255 255 255 255 255 255 255 255
255 255 255 255 255 255 255 255 255 255 255 255 255 255 255 255
255 251 221 229 212 199 239 235 223 216 208 207 199 197 244 255
255 221 127 181 125 130 244 171  58  96 122 158 136 161 218 255
255 223 103  55  79 115  96  90 169  64 155 162  59 130 219 255
255 209 124  43 217  20 126 219 121 158  17 155 170 160 229 255
255 255 134  40   4 101  56   0 107 199  89 106 174 175 219 255
255 245  53 127  80 125  65  87 179 172 247 113 113 101 223 255
255 231 107  82 132  28 225 100 152  63 125 132 177  44 240 255
255 215  56 189 122 171 165  96  99  91 181  66  92  67 220 255
255 210 185 238 136 191 204 167 213  93 228 162 145 231 244 255
255 191 138 180 170  22  58 115  54  76 250  58 148 124 224 255
255 210 161 167 164 162 106  76 123  96 106 149 165 153 227 255
255 199 137  62 171 197  68 108 189  81 172 163  57 129 219 255
255 198 168 134 161 108 105 169  92 118  95 153 132 154 218 255
255 240 208 209 220 205 244 220 220 242 201 216 209 208 246 255
255 255 255 255 255 255 255 255 255 255 255 255 255 255 255 255

255 255 255 255 255 255 255 255 255 255 255 255 255 255 255 255
255 243 209 209 219 209 211 231 209 242 216 219 209 209 243 255
255 209 162 133 160 184 106  34  77 234 127 157 133 162 209 255
255 209 133  60 167 183 100 187 106 149 157 166  60 133 209 255
255 219 157 166 155 101 121 121  70 170  59 155 167 157 219 255
255 219 119 148  24  96 244 119 168 222 247 109 168  93 203 255
255 222  98  52 154 200 170  61  82  90  68  93  81 124 244 255
255 233  58 158 122  92 172 152 108 210  54 129 188 100 218 255
255 237 168  94 221   0  81  98  98 156 127  70 105 157 223 255
255 242 237 106 129  66  77 216 170 198  60 110  69 104 243 255
255 209 121 119  15  93 117  24 175 199  19 162 206 110 204 255
255 219 121  83 216   5  84 146 123 142 167 159 168 157 219 255
255 233 175  62  43  41 123  87 185 238 173 167  60 133 209 255
255 229 128 114 132 142  63 113  51 180 130 157 133 162 209 255
255 253 230 229 220 255 249 238 220 219 204 219 209 209 243 255
255 255 255 255 255 255 255 255 255 255 255 255 255 255 255 255
255 255 255 255 255 255 255 255 255 255 255 255 255 255 255 255
255 243 209 209 219 209 211 231 209 242 216 219 209 209 243 255
255 209 162 133 160 184 106  34  77 234 127 157 133 162 209 255
255 209 133  60 167 183 100 187 106 149 157 166  60 133 209 255
255 219 157 166 155 101 121 121  70 170  59 155 167 157 219 255
255 219 119 148  24  96 244 119 168 222 247 109 168  93 203 255
255 222  98  52 154 200 170  61  82  90  68  93  81 124 244 255
255 233  58 158 122  92 172 152 108 210  54 129 188 100 218 255
255 237 168  94 221   0  81  98  98 156 127  70 105 157 223 255
255 242 237 106 129  66  77 216 170 198  60 110  69 104 243 255
255 209 121 119  15  93 117  24 175 199  19 162 206 110 204 255
255 219 121  83 216   5  84 146 123 142 167 159 168 157 219 255
255 233 175  62  43  41 123  87 185 238 173 167  60 133 209 255
255 229 128 114 132 142  63 113  51 180 130 157 133 162 209 255
255 253 230 229 220 255 249 238 220 219 204 219 209 209 243 255
255 255 255 255 255 255 255 255 255 255 255 255 255 255 255 255
255 255 255 255 255 255 255 255 255 255 255 255 255 255 255 255
255 243 209 209 219 209 211 231 209 242 216 219 209 209 243 255
255 209 162 133 160 184 106  34  77 234 127 157 133 162 209 255
255 209 133  60 167 183 100 187 106 149 157 166  60 133 209 255
255 219 157 166 155 101 121 121  70 170  59 155 167 157 219 255
255 219 119 148  24  96 244 119 168 222 247 109 168  93 203 255
255 222  98  52 154 200 170  61  82  90  68  93  81 124 244 255
255 233  58 158 122  92 172 152 108 210  54 129 188 100 218 255
255 237 168  94 221   0  81  98  98 156 127  70 105 157 223 255
255 242 237 106 129  66  77 216 170 198  60 110  69 104 243 255
255 209 121 119  15  93 117  24 175 199  19 162 206 110 204 255
255 219 121  83 216   5  84 146 123 142 167 159 168 157 219 255
255 233 175  62  43  41 123  87 185 238 173 167  60 133 209 255
255 229 128 114 132 142  63 113  51 180 130 157 133 162 209 255
255 253 230 229 220 255 249 238 220 219 204 219 209 209 243 255
255 255 255 255 255 255 255 255 255 255 255 255 255 255 255 255
